[
	{"id":1,
	"level_data":"{0;097;333|0;189;227|0;241;169|1;066;073|1;066;220|3;000;001}"
	,"authors_solution":"{0;097;333|0;189;227|0;241;169|1;270;133|1;065;369|3;000;001}"
	},
	{"id":2,
	"level_data":"{0;192;317|0;102;281|0;105;236|0;108;189|0;110;146|1;288;148|1;097;347|1;255;219|3;001;002|3;001;000}"
	,"authors_solution":"{0;192;317|0;102;281|0;105;236|0;108;189|0;110;146|1;114;091|1;097;347|1;279;289|3;001;002|3;001;000}"
	},
	{"id":3,
	"level_data":"{0;210;192|0;122;262|0;233;136|0;093;139|0;182;261|1;047;221|1;047;066|1;262;065|3;001;002|3;000;001}"
	,"authors_solution":"{0;210;192|0;122;262|0;233;136|0;093;139|0;182;261|1;082;105|1;145;349|1;242;102|3;001;002|3;000;001}"
	},
	{"id":4,
	"level_data":"{0;210;192|0;122;262|0;233;136|0;093;139|0;182;261|1;047;221|1;147;366|1;262;065|3;001;002|3;000;001}"
	,"authors_solution":"{0;210;192|0;122;262|0;233;136|0;093;139|0;182;261|1;65;175|1;145;509|1;252;232|3;001;002|3;000;001}"
	},
	{"id":5,
	"level_data":"{0;185;268|0;185;186|0;136;327|0;136;130|0;093;226|0;093;187|1;099;036|1;022;036|1;059;105|3;002;000|3;001;002|3;000;001}"
	,"authors_solution":"{0;185;268|0;185;186|0;136;327|0;136;130|0;093;226|0;093;187|1;091;078|1;222;227|1;094;370|3;002;000|3;001;002|3;000;001}"
	},
	{"id":6,
	"level_data":"{0;206;360|0;096;360|0;141;283|0;096;284|0;140;174|0;096;174|0;206;097|0;096;097|1;246;124|1;293;366|1;210;172|1;188;234|1;294;092|3;001;004|3;001;003|3;001;002|3;000;001}"
	,"authors_solution":"{0;206;360|0;096;360|0;141;283|0;096;284|0;140;174|0;096;174|0;206;097|0;096;097|1;244;408|1;095;224|1;096;041|1;096;410|1;249;043|3;001;004|3;001;003|3;001;002|3;000;001}"
	},
	{"id":7,
	"level_data":"{0;264;332|0;056;332|0;240;275|0;080;275|0;207;275|0;115;275|0;207;177|0;115;177|1;103;121|1;223;122|1;191;047|1;131;046|3;003;000|3;002;003|3;001;002|3;000;001}"
	,"authors_solution":"{0;264;332|0;056;332|0;240;275|0;080;275|0;207;275|0;115;275|0;207;177|0;115;177|1;034;396|1;160;203|1;287;396|1;160;075|3;003;000|3;002;003|3;001;002|3;000;001}"
	},
	{"id":8,
	"level_data":"{0;162;316|0;162;138|0;193;285|0;131;285|0;192;167|0;131;168|0;192;348|0;131;348|0;196;103|0;131;106|0;223;379|0;101;379|0;223;075|0;101;075|1;099;410|1;161;351|1;223;408|1;226;040|1;162;098|1;101;041|3;004;005|3;003;004|3;001;002|3;000;001}"
	,"authors_solution":"{0;162;316|0;162;138|0;193;285|0;131;285|0;192;167|0;131;168|0;192;348|0;131;348|0;196;103|0;131;106|0;223;379|0;101;379|0;223;075|0;101;075|1;073;408|1;249;225|1;063;038|1;252;409|1;074;225|1;255;044|3;004;005|3;003;004|3;001;002|3;000;001}"
	},
	{"id":9,
	"level_data":"{0;160;210|0;204;314|0;160;314|0;116;314|0;204;110|0;160;110|0;116;110|0;264;374|0;160;374|0;056;374|0;264;056|0;160;056|0;056;056|1;205;231|1;040;285|1;211;343|1;220;290|1;042;407|1;232;168|1;122;342|1;307;409|3;006;007|3;005;007|3;004;007|3;003;007|3;002;006|3;001;006|3;000;006}"
	,"authors_solution":"{0;160;210|0;204;314|0;160;314|0;116;314|0;204;110|0;160;110|0;116;110|0;264;374|0;160;374|0;056;374|0;264;056|0;160;056|0;056;056|1;292;405|1;022;409|1;160;417|1;028;024|1;160;020|1;290;029|1;161;266|1;160;158|3;006;007|3;005;007|3;004;007|3;003;007|3;002;006|3;001;006|3;000;006}"
	},
	{"id":10,
	"level_data":"{0;214;290|0;106;290|0;214;184|0;106;184|0;160;350|0;160;290|0;160;184|0;159;127|1;174;064|1;246;026|1;246;121|1;072;064|3;000;003|3;002;000|3;001;002|3;000;001}"
	,"authors_solution":"{0;214;290|0;106;290|0;214;184|0;106;184|0;160;350|0;160;290|0;160;184|0;159;127|1;159;087|1;261;289|1;057;291|1;160;404|3;000;003|3;002;000|3;001;002|3;000;001}"
	},
	{"id":11,
	"level_data":"{0;215;308|0;215;235|0;148;308|0;148;235|0;215;165|0;148;165|0;074;235|0;074;165|1;072;119|1;172;033|1;072;034|1;173;117|3;001;003|3;002;000|3;001;002|3;000;001}"
	,"authors_solution":"{0;215;308|0;215;235|0;148;308|0;148;235|0;215;165|0;148;165|0;074;235|0;074;165|1;286;306|1;074;308|1;073;091|1;274;101|3;001;003|3;002;000|3;001;002|3;000;001}"
	},
	{"id":12,
	"level_data":"{0;140;181|0;114;197|0;093;235|0;093;266|0;113;298|0;140;313|0;176;311|0;205;293|0;226;257|0;226;226|0;205;195|0;179;179|1;096;117|1;057;051|1;135;052|1;283;054|1;194;052|1;235;116|3;005;003|3;004;005|3;003;004|3;002;000|3;001;002|3;000;001}"
	,"authors_solution":"{0;140;181|0;114;197|0;093;235|0;093;266|0;113;298|0;140;313|0;176;311|0;205;293|0;226;257|0;226;226|0;205;195|0;179;179|1;274;312|1;050;309|1;158;114|1;156;365|1;041;178|1;274;177|3;005;003|3;004;005|3;003;004|3;002;000|3;001;002|3;000;001}"
	},
	{"id":13,
	"level_data":"{0;072;268|0;249;198|0;215;296|0;102;296|0;215;164|0;215;230|0;102;230|0;102;164|1;148;040|1;147;115|1;060;115|1;062;039|3;003;001|3;003;000|3;002;003|3;001;002|3;000;001}"
	,"authors_solution":"{0;072;268|0;249;198|0;215;296|0;102;296|0;215;164|0;215;230|0;102;230|0;102;164|1;162;112|1;281;227|1;161;349|1;029;228|3;003;001|3;003;000|3;002;003|3;001;002|3;000;001}"
	},
	{"id":14,
	"level_data":"{0;262;307|0;212;307|0;237;363|0;237;327|0;237;285|0;116;130|0;066;130|0;091;185|0;091;150|0;091;107|1;146;049|1;089;049|1;031;050|1;178;402|1;237;402|1;294;402|3;004;005|3;003;004|3;001;002|3;000;001}"
	,"authors_solution":"{0;262;307|0;212;307|0;237;363|0;237;327|0;237;285|0;116;130|0;066;130|0;091;185|0;091;150|0;091;107|1;308;306|1;091;309|1;090;083|1;023;129|1;236;130|1;236;404|3;004;005|3;003;004|3;001;002|3;000;001}"
	},
	{"id":15,
	"level_data":"{0;225;400|0;091;400|0;259;337|0;225;337|0;091;337|0;058;337|0;259;243|0;178;243|0;137;243|0;058;243|0;225;200|0;091;200|0;225;152|0;091;151|0;178;079|0;137;079|1;266;033|1;122;029|1;017;029|1;151;119|1;173;164|1;017;109|3;005;004|3;005;003|3;005;002|3;005;001|3;004;000|3;003;004|3;002;003|3;001;002|3;000;001}"
	,"authors_solution":"{0;225;400|0;091;400|0;259;337|0;225;337|0;091;337|0;058;337|0;259;243|0;178;243|0;137;243|0;058;243|0;225;200|0;091;200|0;225;152|0;091;151|0;178;079|0;137;079|1;157;045|1;055;198|1;058;401|1;262;400|1;262;202|1;156;200|3;005;004|3;005;003|3;005;002|3;005;001|3;004;000|3;003;004|3;002;003|3;001;002|3;000;001}"
	},
	{"id":16,
	"level_data":"{0;102;288|0;214;195|0;036;281|0;265;180|0;134;218|0;048;205|0;102;111|1;134;125|1;135;039|1;228;039|1;227;124|3;000;003|3;002;003|3;001;002|3;000;001}"
	,"authors_solution":"{0;102;288|0;214;195|0;036;281|0;265;180|0;134;218|0;048;205|0;102;111|1;022;253|1;114;083|1;014;337|1;310;167|3;000;003|3;002;003|3;001;002|3;000;001}"
	},
	{"id":17,
	"level_data":"{0;240;205|0;102;290|0;138;247|0;230;271|0;190;176|0;078;346|0;179;205|0;102;111|1;220;162|1;300;054|1;211;053|1;125;053|3;000;003|3;002;003|3;001;002|3;000;001}"
	,"authors_solution":"{0;240;205|0;102;290|0;138;247|0;230;271|0;190;176|0;078;346|0;179;205|0;102;111|1;220;162|1;018;375|1;297;237|1;030;082|3;000;003|3;002;003|3;001;002|3;000;001}"
	},
	{"id":18,
	"level_data":"{0;171;236|0;241;229|0;099;218|0;263;196|0;129;266|0;241;168|0;171;150|0;128;192|1;174;100|1;105;099|1;106;040|1;174;039|3;000;003|3;002;003|3;001;002|3;000;001}"
	,"authors_solution":"{0;171;236|0;241;229|0;099;218|0;263;196|0;129;266|0;241;168|0;171;150|0;128;192|1;292;243|1;071;174|1;172;336|1;171;082|3;000;003|3;002;003|3;001;002|3;000;001}"
	},
	{"id":19,
	"level_data":"{0;224;218|0;222;179|0;198;277|0;194;202|0;193;122|0;147;306|0;143;256|0;152;149|0;148;095|0;122;289|0;114;110|1;160;344|1;095;344|1;095;408|1;224;407|1;225;343|3;004;000|3;003;004|3;002;003|3;001;002|3;000;001}"
	,"authors_solution":"{0;224;218|0;222;179|0;198;277|0;194;202|0;193;122|0;147;306|0;143;256|0;152;149|0;148;095|0;122;289|0;114;110|1;036;036|1;255;247|1;096;334|1;161;222|1;257;158|3;004;000|3;003;004|3;002;003|3;001;002|3;000;001}"
	},
	{"id":20,
	"level_data":"{0;206;139|0;172;307|0;173;206|0;175;138|0;158;267|0;110;315|0;110;177|0;080;305|0;078;138|1;302;116|1;225;027|1;225;254|1;089;240|1;103;099|3;004;000|3;003;004|3;002;003|3;001;002|3;000;001}"
	,"authors_solution":"{0;206;139|0;172;307|0;173;206|0;175;138|0;158;267|0;110;315|0;110;177|0;080;305|0;078;138|1;033;135|1;245;243|1;047;295|1;159;331|1;250;137|3;004;000|3;003;004|3;002;003|3;001;002|3;000;001}"
	},
	{"id":21,
	"level_data":"{0;250;248|0;187;256|0;234;167|0;188;173|0;112;181|0;158;103|0;116;262|0;187;093|0;214;081|0;150;329|0;108;121|1;241;033|1;283;277|1;218;341|1;084;361|1;073;105|3;004;000|3;003;004|3;002;003|3;001;002|3;000;001}"
	,"authors_solution":"{0;250;248|0;187;256|0;234;167|0;188;173|0;112;181|0;158;103|0;116;262|0;187;093|0;214;081|0;150;329|0;108;121|1;045;142|1;285;299|1;103;054|1;125;380|1;286;056|3;004;000|3;003;004|3;002;003|3;001;002|3;000;001}"
	},
	{"id":22,
	"level_data":"{0;149;376|0;209;275|0;107;245|0;075;330|0;233;208|0;162;209|0;127;210|0;094;210|0;205;115|0;092;115|1;286;334|1;271;152|1;153;128|1;222;246|1;142;278|3;004;000|3;003;004|3;002;003|3;001;002|3;000;001}"
	,"authors_solution":"{0;149;376|0;209;275|0;107;245|0;075;330|0;233;208|0;162;209|0;127;210|0;094;210|0;205;115|0;092;115|1;069;418|1;099;020|1;300;206|1;022;212|1;286;302|3;004;000|3;003;004|3;002;003|3;001;002|3;000;001}"
	},
	{"id":23,
	"level_data":"{0;103;327|0;218;306|0;157;282|0;037;221|0;263;201|0;067;236|0;212;189|0;229;220|0;242;160|0;111;116|0;142;071|1;265;023|1;194;024|1;266;082|1;231;050|1;193;083|3;004;000|3;003;004|3;002;003|3;001;002|3;000;001}"
	,"authors_solution":"{0;103;327|0;218;306|0;157;282|0;037;221|0;263;201|0;067;236|0;212;189|0;229;220|0;242;160|0;111;116|0;142;071|1;171;029|1;014;253|1;302;159|1;054;367|1;305;276|3;004;000|3;003;004|3;002;003|3;001;002|3;000;001}"
	},
	{"id":24,
	"level_data":"{0;202;270|0;240;270|0;202;210|0;116;248|0;240;239|0;075;206|0;065;152|0;169;157|0;146;241|0;166;197|0;138;210|1;278;048|1;277;095|1;207;029|1;155;084|1;120;050|3;004;000|3;003;004|3;002;003|3;001;002|3;000;001}"
	,"authors_solution":"{0;202;270|0;240;270|0;202;210|0;116;248|0;240;239|0;075;206|0;065;152|0;169;157|0;146;241|0;166;197|0;138;210|1;283;271|1;132;270|1;196;111|1;090;295|1;057;100|3;004;000|3;003;004|3;002;003|3;001;002|3;000;001}"
	},
	{"id":25,
	"level_data":"{0;242;344|0;153;346|0;150;210|0;193;250|0;117;321|0;193;218|0;153;272|0;053;373|0;243;150|0;067;137|0;242;091|0;151;090|0;052;090|1;099;290|1;119;230|1;081;180|1;118;130|1;099;046|3;004;000|3;003;004|3;002;003|3;001;002|3;000;001}"
	,"authors_solution":"{0;242;344|0;153;346|0;150;210|0;193;250|0;117;321|0;193;218|0;153;272|0;053;373|0;243;150|0;067;137|0;242;091|0;151;090|0;052;090|1;292;088|1;053;405|1;051;339|1;298;343|1;018;090|3;004;000|3;003;004|3;002;003|3;001;002|3;000;001}"
	},
	{"id":26,
	"level_data":"{0;273;274|0;249;274|0;216;274|0;114;274|0;072;274|0;050;274|0;270;230|0;231;231|0;093;227|0;050;227|0;271;187|0;251;187|0;211;187|0;109;187|0;074;187|0;050;187|0;191;329|0;134;331|0;190;123|0;136;123|1;058;020|1;242;086|1;272;031|1;273;128|1;090;060|1;059;123|3;005;000|3;004;005|3;003;004|3;002;003|3;001;002|3;000;001}"
	,"authors_solution":"{0;273;274|0;249;274|0;216;274|0;114;274|0;072;274|0;050;274|0;270;230|0;231;231|0;093;227|0;050;227|0;271;187|0;251;187|0;211;187|0;109;187|0;074;187|0;050;187|0;191;329|0;134;331|0;190;123|0;136;123|1;050;323|1;162;058|1;271;333|1;269;127|1;165;393|1;049;129|3;005;000|3;004;005|3;003;004|3;002;003|3;001;002|3;000;001}"
	},
	{"id":27,
	"level_data":"{0;160;330|0;152;114|0;119;331|0;052;263|0;119;261|0;157;261|0;051;195|0;119;195|0;218;331|0;240;357|0;219;262|0;153;195|0;218;194|0;187;194|0;187;261|0;218;117|0;249;089|0;119;115|1;279;040|1;030;044|1;097;026|1;136;066|1;175;024|1;215;060|3;005;000|3;004;005|3;003;004|3;002;003|3;001;002|3;000;001}"
	,"authors_solution":"{0;160;330|0;152;114|0;119;331|0;052;263|0;119;261|0;157;261|0;051;195|0;119;195|0;218;331|0;240;357|0;219;262|0;153;195|0;218;194|0;187;194|0;187;261|0;218;117|0;249;089|0;119;115|1;287;039|1;052;316|1;051;122|1;282;418|1;120;038|1;120;416|3;005;000|3;004;005|3;003;004|3;002;003|3;001;002|3;000;001}"
	},
	{"id":28,
	"level_data":"{0;081;343|0;201;299|0;164;284|0;039;186|0;163;087|0;047;237|0;209;187|0;125;157|0;213;127|1;112;266|1;186;230|1;094;069|1;234;052|1;282;177|1;096;177|3;005;000|3;004;005|3;003;004|3;002;003|3;001;002|3;000;001}"
	,"authors_solution":"{0;081;343|0;201;299|0;164;284|0;039;186|0;163;087|0;047;237|0;209;187|0;125;157|0;213;127|1;112;266|1;070;374|1;027;117|1;272;209|1;138;020|1;258;320|3;005;000|3;004;005|3;003;004|3;002;003|3;001;002|3;000;001}"
	},
	{"id":29,
	"level_data":"{0;125;341|0;092;265|0;128;227|0;075;226|0;162;343|0;055;265|0;207;105|0;078;102|0;117;103|0;095;057|1;025;365|1;026;156|1;083;024|1;263;103|1;136;167|1;223;362|3;005;000|3;004;005|3;003;004|3;002;003|3;001;002|3;000;001}"
	,"authors_solution":"{0;125;341|0;092;265|0;128;227|0;075;226|0;162;343|0;055;265|0;207;105|0;078;102|0;117;103|0;095;057|1;078;020|1;236;342|1;016;342|1;274;073|1;032;178|1;075;357|3;005;000|3;004;005|3;003;004|3;002;003|3;001;002|3;000;001}"
	},
	{"id":30,
	"level_data":"{0;233;095|0;174;226|0;135;328|0;168;113|0;210;123|0;108;251|0;139;211|0;190;171|0;146;148|0;091;149|0;041;149|1;229;240|1;298;074|1;296;234|1;297;403|1;155;401|1;182;339|3;005;000|3;004;005|3;003;004|3;002;003|3;001;002|3;000;001}"
	,"authors_solution":"{0;233;095|0;174;226|0;135;328|0;168;113|0;210;123|0;108;251|0;139;211|0;190;171|0;146;148|0;091;149|0;041;149|1;037;335|1;040;096|1;220;272|1;156;070|1;119;356|1;281;036|3;005;000|3;004;005|3;003;004|3;002;003|3;001;002|3;000;001}"
	},
	{"id":31,
	"level_data":"{0;082;253|0;081;176|0;123;251|0;118;174|0;138;216|0;168;288|0;228;316|0;252;272|0;251;172|0;170;147|0;212;114|1;106;066|1;082;109|1;056;066|1;019;027|1;138;028|3;000;004|3;002;003|3;003;004|3;001;002|3;000;001}"
	,"authors_solution":"{0;082;253|0;081;176|0;123;251|0;118;174|0;138;216|0;168;288|0;228;316|0;252;272|0;251;172|0;170;147|0;212;114|1;198;086|1;082;342|1;081;101|1;204;365|1;280;210|3;000;004|3;002;003|3;003;004|3;001;002|3;000;001}"
	},
	{"id":32,
	"level_data":"{0;098;367|0;201;393|0;201;300|0;109;267|0;114;221|0;129;105|0;198;220|0;258;221|0;149;156|0;226;105|0;096;042|1;078;178|1;024;346|1;026;279|1;025;215|1;025;151|1;023;093|1;023;024|3;006;000|3;005;006|3;004;005|3;003;004|3;002;003|3;001;002|3;000;001}"
	,"authors_solution":"{0;098;367|0;201;393|0;201;300|0;109;267|0;114;221|0;129;105|0;198;220|0;258;221|0;149;156|0;226;105|0;096;042|1;138;042|1;092;397|1;299;394|1;217;063|1;140;299|1;264;298|1;053;042|3;006;000|3;005;006|3;004;005|3;003;004|3;002;003|3;001;002|3;000;001}"
	},
	{"id":33,
	"level_data":"{0;264;233|0;262;283|0;205;320|0;166;246|0;162;302|0;151;274|0;120;346|0;092;331|0;059;272|0;101;215|0;047;191|0;218;133|0;266;142|0;064;146|1;076;059|1;152;079|1;079;104|1;154;136|1;014;114|1;015;045|1;153;030|3;006;000|3;005;006|3;004;005|3;003;004|3;002;003|3;001;002|3;000;001}"
	,"authors_solution":"{0;264;233|0;262;283|0;205;320|0;166;246|0;162;302|0;151;274|0;120;346|0;092;331|0;059;272|0;101;215|0;047;191|0;218;133|0;266;142|0;064;146|1;059;315|1;038;111|1;265;390|1;261;047|1;097;388|1;103;140|1;192;376|3;006;000|3;005;006|3;004;005|3;003;004|3;002;003|3;001;002|3;000;001}"
	},
	{"id":34,
	"level_data":"{0;118;382|0;284;144|0;195;367|0;074;368|0;151;246|0;074;247|0;263;196|0;232;196|0;200;196|0;170;196|0;139;196|0;075;306|0;105;196|0;075;196|0;044;196|0;118;144|0;213;072|0;130;073|1;067;079|1;019;132|1;019;027|1;072;027|1;102;055|1;101;112|1;072;133|3;006;001|3;005;006|3;000;005|3;004;000|3;003;004|3;002;003|3;001;002}"
	,"authors_solution":"{0;118;382|0;284;144|0;195;367|0;074;368|0;151;246|0;074;247|0;263;196|0;232;196|0;200;196|0;170;196|0;139;196|0;075;306|0;105;196|0;075;196|0;044;196|0;118;144|0;213;072|0;130;073|1;010;196|1;211;410|1;092;072|1;270;072|1;293;198|1;111;278|1;018;354|3;006;001|3;005;006|3;000;005|3;004;000|3;003;004|3;002;003|3;001;002}"
	},
	{"id":35,
	"level_data":"{0;229;396|0;164;397|0;095;397|0;265;343|0;061;345|0;203;285|0;118;281|0;255;229|0;063;229|0;270;174|0;050;174|0;214;169|0;107;165|0;239;137|0;080;135|0;197;116|0;120;116|1;018;020|1;068;020|1;099;053|1;079;075|1;095;109|1;050;067|1;016;110|3;006;000|3;005;006|3;004;005|3;003;004|3;002;003|3;001;002|3;000;001}"
	,"authors_solution":"{0;229;396|0;164;397|0;095;397|0;265;343|0;061;345|0;203;285|0;118;281|0;255;229|0;063;229|0;270;174|0;050;174|0;214;169|0;107;165|0;239;137|0;080;135|0;197;116|0;120;116|1;131;075|1;045;395|1;280;398|1;184;074|1;289;196|1;163;319|1;026;200|3;006;000|3;005;006|3;004;005|3;003;004|3;002;003|3;001;002|3;000;001}"
	},
	{"id":36,
	"level_data":"{0;195;176|0;195;144|0;195;240|0;082;317|0;248;264|0;217;275|0;143;266|0;143;225|0;102;224|0;224;166|0;084;187|0;232;103|0;196;102|0;132;377|0;088;101|1;013;133|1;049;133|1;049;096|1;050;062|1;050;031|1;013;032|1;012;065|1;013;099|3;007;000|3;006;007|3;005;006|3;004;005|3;003;004|3;002;003|3;001;002|3;000;001}"
	,"authors_solution":"{0;195;176|0;195;144|0;195;240|0;082;317|0;248;264|0;217;275|0;143;266|0;143;225|0;102;224|0;224;166|0;084;187|0;232;103|0;196;102|0;132;377|0;088;101|1;310;246|1;040;329|1;150;148|1;129;422|1;263;054|1;030;117|1;196;334|1;195;036|3;007;000|3;006;007|3;005;006|3;004;005|3;003;004|3;002;003|3;001;002|3;000;001}"
	},
	{"id":37,
	"level_data":"{0;185;353|0;087;248|0;030;253|0;144;176|0;129;314|0;241;319|0;266;281|0;169;252|0;141;264|0;089;289|0;100;202|0;225;167|0;170;124|0;121;084|0;034;102|1;294;030|1;209;030|1;246;108|1;203;107|1;204;140|1;297;142|1;258;062|1;294;062|3;007;000|3;006;007|3;005;006|3;004;005|3;003;004|3;002;003|3;001;002|3;000;001}"
	,"authors_solution":"{0;185;353|0;087;248|0;030;253|0;144;176|0;129;314|0;241;319|0;266;281|0;169;252|0;141;264|0;089;289|0;100;202|0;225;167|0;170;124|0;121;084|0;034;102|1;081;051|1;270;206|1;022;315|1;310;316|1;010;084|1;140;252|1;010;240|1;259;399|3;007;000|3;006;007|3;005;006|3;004;005|3;003;004|3;002;003|3;001;002|3;000;001}"
	},
	{"id":38,
	"level_data":"{0;035;264|0;155;332|0;148;284|0;094;264|0;046;210|0;250;263|0;200;224|0;087;355|0;126;357|0;221;331|0;281;112|0;224;159|0;087;415|0;168;205|0;091;173|0;225;211|0;201;192|0;176;176|1;104;020|1;041;079|1;109;150|1;040;109|1;041;145|1;010;145|1;010;020|1;039;049|1;041;020|3;007;000|3;008;007|3;006;008|3;005;006|3;004;005|3;003;004|3;002;003|3;001;002|3;000;001}"
	,"authors_solution":"{0;035;264|0;155;332|0;148;284|0;094;264|0;046;210|0;250;263|0;200;224|0;087;355|0;126;357|0;221;331|0;281;112|0;224;159|0;087;415|0;168;205|0;091;173|0;225;211|0;201;192|0;176;176|1;133;138|1;262;238|1;206;364|1;134;320|1;116;422|1;048;404|1;310;087|1;010;241|1;062;291|3;007;000|3;008;007|3;006;008|3;005;006|3;004;005|3;003;004|3;002;003|3;001;002|3;000;001}"
	},
	{"id":39,
	"level_data":"{0;105;381|0;161;354|0;180;329|0;137;335|0;067;350|0;114;264|0;260;274|0;266;234|0;204;229|0;169;204|0;141;190|0;070;150|0;203;170|0;159;148|0;133;123|0;084;109|0;110;088|0;219;094|0;244;078|1;010;335|1;014;255|1;046;219|1;012;178|1;010;090|1;053;155|1;092;220|1;055;273|3;007;000|3;006;007|3;005;006|3;004;005|3;003;004|3;002;003|3;001;002|3;000;001}"
	,"authors_solution":"{0;105;381|0;161;354|0;180;329|0;137;335|0;067;350|0;114;264|0;260;274|0;266;234|0;204;229|0;169;204|0;141;190|0;070;150|0;203;170|0;159;148|0;133;123|0;084;109|0;110;088|0;219;094|0;244;078|1;116;038|1;062;402|1;245;310|1;278;206|1;041;085|1;168;399|1;255;020|1;154;245|3;007;000|3;006;007|3;005;006|3;004;005|3;003;004|3;002;003|3;001;002|3;000;001}"
	},
	{"id":40,
	"level_data":"{0;063;290|0;103;331|0;155;329|0;181;332|0;238;275|0;226;295|0;168;272|0;142;255|0;079;237|0;241;210|0;207;202|0;161;203|0;052;203|0;241;175|0;170;164|0;115;176|0;081;165|0;223;130|0;116;117|0;195;108|0;137;108|1;219;332|1;269;333|1;310;332|1;310;378|1;310;422|1;268;422|1;219;422|1;220;382|3;007;000|3;006;007|3;005;006|3;004;005|3;003;004|3;002;003|3;001;002|3;000;001}"
	,"authors_solution":"{0;063;290|0;103;331|0;155;329|0;181;332|0;238;275|0;226;295|0;168;272|0;142;255|0;079;237|0;241;210|0;207;202|0;161;203|0;052;203|0;241;175|0;170;164|0;115;176|0;081;165|0;223;130|0;116;117|0;195;108|0;137;108|1;302;152|1;067;358|1;046;136|1;280;340|1;110;084|1;163;390|1;229;083|1;019;257|3;007;000|3;006;007|3;005;006|3;004;005|3;003;004|3;002;003|3;001;002|3;000;001}"
	},
	{"id":41,
	"level_data":"{0;210;340|0;160;340|0;110;340|0;260;290|0;210;290|0;160;290|0;110;290|0;060;290|0;260;240|0;210;240|0;160;240|0;110;240|0;060;240|0;260;190|0;210;190|0;160;190|0;110;190|0;060;190|0;210;140|0;160;140|0;110;140|1;111;099|1;017;189|1;017;287|1;107;384|1;211;386|1;302;285|1;302;187|1;209;097|3;006;007|3;005;006|3;004;005|3;003;004|3;002;003|3;001;002|3;000;001}"
	,"authors_solution":"{0;210;340|0;160;340|0;110;340|0;260;290|0;210;290|0;160;290|0;110;290|0;060;290|0;260;240|0;210;240|0;160;240|0;110;240|0;060;240|0;260;190|0;210;190|0;160;190|0;110;190|0;060;190|0;210;140|0;160;140|0;110;140|1;310;286|1;014;284|1;210;083|1;211;397|1;107;089|1;109;402|1;302;187|1;011;186|3;006;007|3;005;006|3;004;005|3;003;004|3;002;003|3;001;002|3;000;001}"
	},
	{"id":42,
	"level_data":"{0;260;220|0;060;220|0;160;320|0;160;120|0;210;270|0;110;270|0;160;270|0;210;170|0;110;170|0;160;170|0;260;220|0;060;220|0;210;220|0;110;220|0;160;220|1;034;089|1;076;047|1;117;089|1;158;046|1;197;090|1;233;046|3;004;005|3;003;004|3;002;003|3;001;002|3;000;001}"
	,"authors_solution":"{0;260;220|0;060;220|0;160;320|0;160;120|0;210;270|0;110;270|0;160;270|0;210;170|0;110;170|0;160;170|0;260;220|0;060;220|0;210;220|0;110;220|0;160;220|1;236;327|1;117;076|1;269;222|1;049;218|1;189;348|1;094;128|3;004;005|3;003;004|3;002;003|3;001;002|3;000;001}"
	},
	{"id":43,
	"level_data":"{0;216;308|0;162;308|0;108;308|0;216;250|0;162;250|0;107;250|0;216;189|0;162;190|0;108;190|0;216;127|0;162;127|0;108;127|1;087;097|1;085;422|1;162;341|1;236;422|1;238;097|3;004;000|3;003;004|3;002;003|3;001;002|3;000;001}"
	,"authors_solution":"{0;216;308|0;162;308|0;108;308|0;216;250|0;162;250|0;107;250|0;216;189|0;162;190|0;108;190|0;216;127|0;162;127|0;108;127|1;107;020|1;107;422|1;275;063|1;128;226|1;274;360|3;004;000|3;003;004|3;002;003|3;001;002|3;000;001}"
	},
	{"id":44,
	"level_data":"{0;244;280|0;188;280|0;132;280|0;076;280|0;244;220|0;188;220|0;132;220|0;076;220|0;244;160|0;188;160|0;132;160|0;076;160|0;244;100|0;188;100|0;132;100|0;076;100|1;076;047|1;164;046|1;162;341|1;244;342|1;246;044|1;077;341|3;005;000|3;004;005|3;003;004|3;002;003|3;001;002|3;000;001}"
	,"authors_solution":"{0;244;280|0;188;280|0;132;280|0;076;280|0;244;220|0;188;220|0;132;220|0;076;220|0;244;160|0;188;160|0;132;160|0;076;160|0;244;100|0;188;100|0;132;100|0;076;100|1;154;041|1;301;336|1;020;042|1;160;355|1;291;046|1;023;337|3;005;000|3;004;005|3;003;004|3;002;003|3;001;002|3;000;001}"
	},
	{"id":45,
	"level_data":"{0;244;316|0;188;316|0;132;316|0;076;316|0;244;260|0;188;260|0;132;260|0;076;260|0;244;204|0;188;204|0;132;204|0;076;204|0;244;148|0;188;148|0;132;148|0;076;148|0;244;092|0;188;092|0;132;092|0;076;092|1;160;030|1;198;054|1;279;053|1;283;344|1;036;342|1;036;052|1;117;054|3;006;000|3;005;006|3;004;005|3;003;004|3;002;003|3;001;002|3;000;001}"
	,"authors_solution":"{0;244;316|0;188;316|0;132;316|0;076;316|0;244;260|0;188;260|0;132;260|0;076;260|0;244;204|0;188;204|0;132;204|0;076;204|0;244;148|0;188;148|0;132;148|0;076;148|0;244;092|0;188;092|0;132;092|0;076;092|1;162;292|1;040;167|1;291;040|1;026;313|1;296;314|1;031;044|1;282;166|3;006;000|3;005;006|3;004;005|3;003;004|3;002;003|3;001;002|3;000;001}"
	},
	{"id":46,
	"level_data":"{0;260;340|0;210;340|0;160;340|0;110;340|0;060;340|0;260;290|0;210;290|0;160;290|0;110;290|0;060;290|0;260;240|0;210;240|0;160;240|0;110;240|0;060;240|0;260;190|0;210;190|0;160;190|0;110;190|0;060;190|0;260;140|0;210;140|0;160;140|0;110;140|0;060;140|1;062;097|1;026;136|1;029;341|1;060;376|1;260;377|1;296;341|1;296;138|1;262;098|3;007;000|3;006;007|3;005;006|3;004;005|3;003;004|3;002;003|3;001;002|3;000;001}"
	,"authors_solution":"{0;260;340|0;210;340|0;160;340|0;110;340|0;060;340|0;260;290|0;210;290|0;160;290|0;110;290|0;060;290|0;260;240|0;210;240|0;160;240|0;110;240|0;060;240|0;260;190|0;210;190|0;160;190|0;110;190|0;060;190|0;260;140|0;210;140|0;160;140|0;110;140|0;060;140|1;260;344|1;058;135|1;061;391|1;237;213|1;075;066|1;241;407|1;081;267|1;258;091|3;007;000|3;006;007|3;005;006|3;004;005|3;003;004|3;002;003|3;001;002|3;000;001}"
	},
	{"id":47,
	"level_data":"{0;260;365|0;210;365|0;160;365|0;110;365|0;060;365|0;260;315|0;210;315|0;160;315|0;110;315|0;060;315|0;260;265|0;210;265|0;160;265|0;110;265|0;060;265|0;260;215|0;210;215|0;160;215|0;110;215|0;060;215|0;260;165|0;210;165|0;160;165|0;110;165|0;060;165|0;260;115|0;210;115|0;160;115|0;110;115|0;060;115|1;028;364|1;060;397|1;261;398|1;295;364|1;295;116|1;261;079|1;162;079|1;059;079|1;027;112|3;008;000|3;007;008|3;006;007|3;005;006|3;004;005|3;003;004|3;002;003|3;001;002|3;000;001}"
	,"authors_solution":"{0;260;365|0;210;365|0;160;365|0;110;365|0;060;365|0;260;315|0;210;315|0;160;315|0;110;315|0;060;315|0;260;265|0;210;265|0;160;265|0;110;265|0;060;265|0;260;215|0;210;215|0;160;215|0;110;215|0;060;215|0;260;165|0;210;165|0;160;165|0;110;165|0;060;165|0;260;115|0;210;115|0;160;115|0;110;115|0;060;115|1;055;367|1;310;365|1;074;136|1;175;347|1;295;240|1;172;135|1;077;348|1;308;111|1;057;111|3;008;000|3;007;008|3;006;007|3;005;006|3;004;005|3;003;004|3;002;003|3;001;002|3;000;001}"
	},
	{"id":48,
	"level_data":"{0;285;365|0;235;365|0;185;365|0;135;365|0;085;365|0;035;365|0;285;315|0;235;315|0;185;315|0;135;315|0;085;315|0;035;315|0;285;265|0;235;265|0;185;265|0;135;265|0;085;265|0;035;265|0;285;215|0;235;215|0;185;215|0;135;215|0;085;215|0;035;215|0;285;165|0;235;165|0;185;165|0;135;165|0;085;165|0;035;165|0;285;115|0;235;115|0;185;115|0;135;115|0;085;115|0;035;115|1;162;055|1;084;055|1;033;056|1;033;409|1;085;408|1;162;406|1;234;406|1;286;407|1;285;055|1;232;055|3;009;000|3;008;009|3;007;008|3;006;007|3;005;006|3;004;005|3;003;004|3;002;003|3;001;002|3;000;001}"
	,"authors_solution":"{0;285;365|0;235;365|0;185;365|0;135;365|0;085;365|0;035;365|0;285;315|0;235;315|0;185;315|0;135;315|0;085;315|0;035;315|0;285;265|0;235;265|0;185;265|0;135;265|0;085;265|0;035;265|0;285;215|0;235;215|0;185;215|0;135;215|0;085;215|0;035;215|0;285;165|0;235;165|0;185;165|0;135;165|0;085;165|0;035;165|0;285;115|0;235;115|0;185;115|0;135;115|0;085;115|0;035;115|1;160;393|1;262;291|1;033;078|1;033;409|1;260;191|1;160;089|1;058;194|1;286;407|1;285;080|1;057;287|3;009;000|3;008;009|3;007;008|3;006;007|3;005;006|3;004;005|3;003;004|3;002;003|3;001;002|3;000;001}"
	},
	{"id":49,
	"level_data":"{0;262;329|0;228;329|0;194;329|0;160;329|0;126;329|0;092;329|0;058;329|0;262;295|0;228;295|0;194;295|0;160;295|0;126;295|0;092;295|0;058;295|0;262;261|0;228;261|0;194;261|0;160;261|0;126;261|0;092;261|0;058;261|0;262;227|0;228;227|0;194;227|0;160;227|0;126;227|0;092;227|0;058;227|0;262;193|0;228;193|0;194;193|0;160;193|0;126;193|0;092;193|0;058;193|0;262;159|0;228;159|0;194;159|0;160;159|0;126;159|0;092;159|0;058;159|0;262;125|0;228;125|0;194;125|0;160;125|0;126;125|0;092;125|0;058;125|1;162;065|1;110;065|1;017;065|1;017;193|1;016;246|1;016;394|1;162;394|1;308;395|1;310;247|1;308;193|1;310;066|1;216;065|3;011;000|3;010;011|3;009;010|3;008;009|3;007;008|3;006;007|3;005;006|3;004;005|3;003;004|3;002;003|3;001;002|3;000;001}"
	,"authors_solution":"{0;262;329|0;228;329|0;194;329|0;160;329|0;126;329|0;092;329|0;058;329|0;262;295|0;228;295|0;194;295|0;160;295|0;126;295|0;092;295|0;058;295|0;262;261|0;228;261|0;194;261|0;160;261|0;126;261|0;092;261|0;058;261|0;262;227|0;228;227|0;194;227|0;160;227|0;126;227|0;092;227|0;058;227|0;262;193|0;228;193|0;194;193|0;160;193|0;126;193|0;092;193|0;058;193|0;262;159|0;228;159|0;194;159|0;160;159|0;126;159|0;092;159|0;058;159|0;262;125|0;228;125|0;194;125|0;160;125|0;126;125|0;092;125|0;058;125|1;261;088|1;262;329|1;056;120|1;058;361|1;247;175|1;174;107|1;075;208|1;274;403|1;059;080|1;249;244|1;141;348|1;075;278|3;011;000|3;010;011|3;009;010|3;008;009|3;007;008|3;006;007|3;005;006|3;004;005|3;003;004|3;002;003|3;001;002|3;000;001}"
	},
	{"id":50,
	"level_data":"{0;300;300|0;260;300|0;220;300|0;180;300|0;140;300|0;100;300|0;060;300|0;020;300|0;300;260|0;260;260|0;220;260|0;180;260|0;140;260|0;100;260|0;060;260|0;020;260|0;300;220|0;260;220|0;220;220|0;180;220|0;140;220|0;100;220|0;060;220|0;020;220|0;300;180|0;260;180|0;220;180|0;180;180|0;140;180|0;100;180|0;060;180|0;020;180|0;300;140|0;260;140|0;220;140|0;180;140|0;140;140|0;100;140|0;060;140|0;020;140|0;300;340|0;260;340|0;220;340|0;180;340|0;140;340|0;100;340|0;060;340|0;020;340|0;300;100|0;260;100|0;220;100|0;180;100|0;140;100|0;100;100|0;060;100|0;020;100|0;300;060|0;260;060|0;220;060|0;180;060|0;140;060|0;100;060|0;060;060|0;020;060|1;101;372|1;054;372|1;010;373|1;010;422|1;054;422|1;106;422|1;158;422|1;210;422|1;261;422|1;310;422|1;309;372|1;259;372|1;207;373|1;156;372|3;013;000|3;012;013|3;011;012|3;010;011|3;009;010|3;008;009|3;007;008|3;006;007|3;005;006|3;004;005|3;003;004|3;002;003|3;001;002|3;000;001}"
	,"authors_solution":"{0;300;300|0;260;300|0;220;300|0;180;300|0;140;300|0;100;300|0;060;300|0;020;300|0;300;260|0;260;260|0;220;260|0;180;260|0;140;260|0;100;260|0;060;260|0;020;260|0;300;220|0;260;220|0;220;220|0;180;220|0;140;220|0;100;220|0;060;220|0;020;220|0;300;180|0;260;180|0;220;180|0;180;180|0;140;180|0;100;180|0;060;180|0;020;180|0;300;140|0;260;140|0;220;140|0;180;140|0;140;140|0;100;140|0;060;140|0;020;140|0;300;340|0;260;340|0;220;340|0;180;340|0;140;340|0;100;340|0;060;340|0;020;340|0;300;100|0;260;100|0;220;100|0;180;100|0;140;100|0;100;100|0;060;100|0;020;100|0;300;060|0;260;060|0;220;060|0;180;060|0;140;060|0;100;060|0;060;060|0;020;060|1;300;342|1;299;057|1;017;058|1;018;342|1;220;139|1;058;139|1;262;337|1;260;176|1;098;338|1;221;339|1;059;176|1;058;341|1;301;099|1;058;098|3;013;000|3;012;013|3;011;012|3;010;011|3;009;010|3;008;009|3;007;008|3;006;007|3;005;006|3;004;005|3;003;004|3;002;003|3;001;002|3;000;001}"
	}
]