[
	{"id":1,
	"level_data":"{0;097;333|0;189;227|0;241;169|1;066;073|1;066;220|3;000;001}"
	,"authors_solution":"{0;097;333|0;189;227|0;241;169|1;270;133|1;065;369|3;000;001}"
	},
	{"id":2,
	"level_data":"{0;192;317|0;102;281|0;105;236|0;108;189|0;110;146|1;288;148|1;499;480|1;255;219|3;001;002|3;001;000}"
	,"authors_solution":"{0;192;317|0;102;281|0;105;236|0;108;189|0;110;146|1;114;091|1;097;347|1;279;289|3;001;002|3;001;000}"
	},
	{"id":3,
	"level_data":"{0;210;192|0;122;262|0;233;136|0;093;139|0;182;261|1;047;221|1;047;066|1;262;065|3;001;002|3;000;001}"
	,"authors_solution":"{0;210;192|0;122;262|0;233;136|0;093;139|0;182;261|1;082;105|1;145;349|1;242;102|3;001;002|3;000;001}"
	},
	{"id":4,
	"level_data":"{0;210;192|0;122;262|0;233;136|0;093;139|0;182;261|1;047;221|1;147;366|1;262;065|3;001;002|3;000;001}"
	,"authors_solution":"{0;210;192|0;122;262|0;233;136|0;093;139|0;182;261|1;65;175|1;145;509|1;252;232|3;001;002|3;000;001}"
	},
	{"id":5,
	"level_data":"{0;185;268|0;185;186|0;136;327|0;136;130|0;093;226|0;093;187|1;099;036|1;022;036|1;059;105|3;002;000|3;001;002|3;000;001}"
	,"authors_solution":"{0;185;268|0;185;186|0;136;327|0;136;130|0;093;226|0;093;187|1;091;078|1;222;227|1;094;370|3;002;000|3;001;002|3;000;001}"
	},
	{"id":,
	"level_data":""
	,"authors_solution":""
	}	{"id":6,
	"level_data":""
	,"authors_solution":""
	}
	
	
]