[
	{"id":1,
	"level_data":"{0;097;333|0;189;227|0;241;169|1;066;073|1;066;220|3;000;001}"
	,"authors_solution":"{0;097;333|0;189;227|0;241;169|1;270;133|1;065;369|3;000;001}"
	},
	{"id":2,
	"level_data":"{0;192;317|0;102;281|0;105;236|0;108;189|0;110;146|1;288;148|1;499;480|1;255;219|3;001;002|3;001;000}"
	,"authors_solution":"{0;192;317|0;102;281|0;105;236|0;108;189|0;110;146|1;114;091|1;097;347|1;279;289|3;001;002|3;001;000}"
	},
	{"id":3,
	"level_data":"{0;210;192|0;122;262|0;233;136|0;093;139|0;182;261|1;047;221|1;047;066|1;262;065|3;001;002|3;000;001}"
	,"authors_solution":"{0;210;192|0;122;262|0;233;136|0;093;139|0;182;261|1;082;105|1;145;349|1;242;102|3;001;002|3;000;001}"
	},
	{"id":4,
	"level_data":"{0;210;192|0;122;262|0;233;136|0;093;139|0;182;261|1;047;221|1;147;366|1;262;065|3;001;002|3;000;001}"
	,"authors_solution":"{0;210;192|0;122;262|0;233;136|0;093;139|0;182;261|1;65;175|1;145;509|1;252;232|3;001;002|3;000;001}"
	},
	{"id":5,
	"level_data":"{0;185;268|0;185;186|0;136;327|0;136;130|0;093;226|0;093;187|1;099;036|1;022;036|1;059;105|3;002;000|3;001;002|3;000;001}"
	,"authors_solution":"{0;185;268|0;185;186|0;136;327|0;136;130|0;093;226|0;093;187|1;091;078|1;222;227|1;094;370|3;002;000|3;001;002|3;000;001}"
	},
	{"id":6,
	"level_data":"{0;206;360|0;096;360|0;141;283|0;096;284|0;140;174|0;096;174|0;206;097|0;096;097|1;246;124|1;293;366|1;210;172|1;188;234|1;294;092|3;001;004|3;001;003|3;001;002|3;000;001}"
	,"authors_solution":"{0;206;360|0;096;360|0;141;283|0;096;284|0;140;174|0;096;174|0;206;097|0;096;097|1;244;408|1;095;224|1;096;041|1;096;410|1;249;043|3;001;004|3;001;003|3;001;002|3;000;001}"
	},
	{"id":7,
	"level_data":"{0;264;332|0;056;332|0;240;275|0;080;275|0;207;275|0;115;275|0;207;177|0;115;177|1;103;121|1;223;122|1;191;047|1;131;046|3;003;000|3;002;003|3;001;002|3;000;001}"
	,"authors_solution":"{0;264;332|0;056;332|0;240;275|0;080;275|0;207;275|0;115;275|0;207;177|0;115;177|1;034;396|1;160;203|1;287;396|1;160;075|3;003;000|3;002;003|3;001;002|3;000;001}"
	},
	{"id":8,
	"level_data":"{0;162;316|0;162;138|0;193;285|0;131;285|0;192;167|0;131;168|0;192;348|0;131;348|0;196;103|0;131;106|0;223;379|0;101;379|0;223;075|0;101;075|1;099;410|1;161;351|1;223;408|1;226;040|1;162;098|1;101;041|3;004;005|3;003;004|3;001;002|3;000;001}"
	,"authors_solution":"{0;162;316|0;162;138|0;193;285|0;131;285|0;192;167|0;131;168|0;192;348|0;131;348|0;196;103|0;131;106|0;223;379|0;101;379|0;223;075|0;101;075|1;073;408|1;249;225|1;063;038|1;252;409|1;074;225|1;255;044|3;004;005|3;003;004|3;001;002|3;000;001}"
	},
	{"id":9,
	"level_data":"{0;160;210|0;204;314|0;160;314|0;116;314|0;204;110|0;160;110|0;116;110|0;264;374|0;160;374|0;056;374|0;264;056|0;160;056|0;056;056|1;205;231|1;040;285|1;211;343|1;220;290|1;042;407|1;232;168|1;122;342|1;307;409|3;006;007|3;005;007|3;004;007|3;003;007|3;002;006|3;001;006|3;000;006}"
	,"authors_solution":"{0;160;210|0;204;314|0;160;314|0;116;314|0;204;110|0;160;110|0;116;110|0;264;374|0;160;374|0;056;374|0;264;056|0;160;056|0;056;056|1;292;405|1;022;409|1;160;417|1;028;024|1;160;020|1;290;029|1;161;266|1;160;158|3;006;007|3;005;007|3;004;007|3;003;007|3;002;006|3;001;006|3;000;006}"
	},
	{"id":10,
	"level_data":"{0;214;290|0;106;290|0;214;184|0;106;184|0;160;350|0;160;290|0;160;184|0;159;127|1;174;064|1;246;026|1;246;121|1;072;064|3;000;003|3;002;000|3;001;002|3;000;001}"
	,"authors_solution":"{0;214;290|0;106;290|0;214;184|0;106;184|0;160;350|0;160;290|0;160;184|0;159;127|1;159;087|1;261;289|1;057;291|1;160;404|3;000;003|3;002;000|3;001;002|3;000;001}"
	},
	{"id":11,
	"level_data":"{0;215;308|0;215;235|0;148;308|0;148;235|0;215;165|0;148;165|0;074;235|0;074;165|1;072;119|1;172;033|1;072;034|1;173;117|3;001;003|3;002;000|3;001;002|3;000;001}"
	,"authors_solution":"{0;215;308|0;215;235|0;148;308|0;148;235|0;215;165|0;148;165|0;074;235|0;074;165|1;286;306|1;074;308|1;073;091|1;274;101|3;001;003|3;002;000|3;001;002|3;000;001}"
	},
	{"id":12,
	"level_data":"{0;140;181|0;114;197|0;093;235|0;093;266|0;113;298|0;140;313|0;176;311|0;205;293|0;226;257|0;226;226|0;205;195|0;179;179|1;096;117|1;057;051|1;135;052|1;283;054|1;194;052|1;235;116|3;005;003|3;004;005|3;003;004|3;002;000|3;001;002|3;000;001}"
	,"authors_solution":"{0;140;181|0;114;197|0;093;235|0;093;266|0;113;298|0;140;313|0;176;311|0;205;293|0;226;257|0;226;226|0;205;195|0;179;179|1;274;312|1;050;309|1;158;114|1;156;365|1;041;178|1;274;177|3;005;003|3;004;005|3;003;004|3;002;000|3;001;002|3;000;001}"
	},
	{"id":13,
	"level_data":"{0;072;268|0;249;198|0;215;296|0;102;296|0;215;164|0;215;230|0;102;230|0;102;164|1;148;040|1;147;115|1;060;115|1;062;039|3;003;001|3;003;000|3;002;003|3;001;002|3;000;001}"
	,"authors_solution":"{0;072;268|0;249;198|0;215;296|0;102;296|0;215;164|0;215;230|0;102;230|0;102;164|1;162;112|1;281;227|1;161;349|1;029;228|3;003;001|3;003;000|3;002;003|3;001;002|3;000;001}"
	},
	{"id":14,
	"level_data":"{0;262;307|0;212;307|0;237;363|0;237;327|0;237;285|0;116;130|0;066;130|0;091;185|0;091;150|0;091;107|1;146;049|1;089;049|1;031;050|1;178;402|1;237;402|1;294;402|3;004;005|3;003;004|3;001;002|3;000;001}"
	,"authors_solution":"{0;262;307|0;212;307|0;237;363|0;237;327|0;237;285|0;116;130|0;066;130|0;091;185|0;091;150|0;091;107|1;308;306|1;091;309|1;090;083|1;023;129|1;236;130|1;236;404|3;004;005|3;003;004|3;001;002|3;000;001}"
	},
	{"id":15,
	"level_data":"{0;225;400|0;091;400|0;259;337|0;225;337|0;091;337|0;058;337|0;259;243|0;178;243|0;137;243|0;058;243|0;225;200|0;091;200|0;225;152|0;091;151|0;178;079|0;137;079|1;266;033|1;122;029|1;017;029|1;151;119|1;173;164|1;017;109|3;005;004|3;005;003|3;005;002|3;005;001|3;004;000|3;003;004|3;002;003|3;001;002|3;000;001}"
	,"authors_solution":"{0;225;400|0;091;400|0;259;337|0;225;337|0;091;337|0;058;337|0;259;243|0;178;243|0;137;243|0;058;243|0;225;200|0;091;200|0;225;152|0;091;151|0;178;079|0;137;079|1;157;045|1;055;198|1;058;401|1;262;400|1;262;202|1;156;200|3;005;004|3;005;003|3;005;002|3;005;001|3;004;000|3;003;004|3;002;003|3;001;002|3;000;001}"
	},
	{"id":16,
	"level_data":"{0;102;288|0;214;195|0;036;281|0;265;180|0;134;218|0;048;205|0;102;111|1;134;125|1;135;039|1;228;039|1;227;124|3;000;003|3;002;003|3;001;002|3;000;001}"
	,"authors_solution":"{0;102;288|0;214;195|0;036;281|0;265;180|0;134;218|0;048;205|0;102;111|1;022;253|1;114;083|1;014;337|1;310;167|3;000;003|3;002;003|3;001;002|3;000;001}"
	},
	{"id":17,
	"level_data":"{0;240;205|0;102;290|0;138;247|0;230;271|0;190;176|0;078;346|0;179;205|0;102;111|1;723;144|1;300;054|1;211;053|1;125;053|3;000;003|3;002;003|3;001;002|3;000;001}"
	,"authors_solution":"{0;240;205|0;102;290|0;138;247|0;230;271|0;190;176|0;078;346|0;179;205|0;102;111|1;220;162|1;018;375|1;297;237|1;030;082|3;000;003|3;002;003|3;001;002|3;000;001}"
	},
	{"id":18,
	"level_data":"{0;171;236|0;241;229|0;099;218|0;263;196|0;129;266|0;241;168|0;171;150|0;128;192|1;174;100|1;105;099|1;106;040|1;174;039|3;000;003|3;002;003|3;001;002|3;000;001}"
	,"authors_solution":"{0;171;236|0;241;229|0;099;218|0;263;196|0;129;266|0;241;168|0;171;150|0;128;192|1;292;243|1;071;174|1;172;336|1;171;082|3;000;003|3;002;003|3;001;002|3;000;001}"
	},
	{"id":19,
	"level_data":"{0;224;218|0;222;179|0;198;277|0;194;202|0;193;122|0;147;306|0;143;256|0;152;149|0;148;095|0;122;289|0;114;110|1;160;344|1;095;344|1;095;408|1;224;407|1;225;343|3;004;000|3;003;004|3;002;003|3;001;002|3;000;001}"
	,"authors_solution":"{0;224;218|0;222;179|0;198;277|0;194;202|0;193;122|0;147;306|0;143;256|0;152;149|0;148;095|0;122;289|0;114;110|1;036;036|1;255;247|1;096;334|1;161;222|1;257;158|3;004;000|3;003;004|3;002;003|3;001;002|3;000;001}"
	},
	{"id":20,
	"level_data":"{0;206;139|0;172;307|0;173;206|0;175;138|0;158;267|0;110;315|0;110;177|0;080;305|0;078;138|1;302;116|1;225;027|1;225;254|1;089;240|1;103;099|3;004;000|3;003;004|3;002;003|3;001;002|3;000;001}"
	,"authors_solution":"{0;206;139|0;172;307|0;173;206|0;175;138|0;158;267|0;110;315|0;110;177|0;080;305|0;078;138|1;033;135|1;245;243|1;047;295|1;159;331|1;250;137|3;004;000|3;003;004|3;002;003|3;001;002|3;000;001}"
	}
]